[[0.3347577,  0.33242145],
 [0.33392218, 0.32496062],
 [0.32732153, 0.3294371 ],
 [0.33651227, 0.33283597],
 [0.3431129, 0.3389704 ],
 [0.34528527, 0.34145737],
 [0.34879443, 0.34510484],
 [0.35079974, 0.3405455 ],
 [0.3506326, 0.3564619 ],
 [0.36341608, 0.356379  ],
 [0.3615779,  0.36508334],
 [0.36876342, 0.36541492],
 [0.3724397, 0.366161  ],
 [0.37101933, 0.36176738],
 [0.36625686, 0.35538426],
 [0.3578181, 0.34444165],
 [0.34587014, 0.33888748],
 [0.40811646, 0.3909475 ],
 [0.396085,   0.40247032],
 [0.40744808, 0.40139267],
 [0.40928626, 0.41664597],
 [0.4229888,  0.40363097],
 [0.4126283,  0.4144906 ],
 [0.41906184, 0.4151538 ],
 [0.4248269,  0.4285004 ],
 [0.4352709,  0.43587834],
 [0.44120318, 0.4395258 ],
 [0.44521365, 0.43281108],
 [0.44362614, 0.4322308 ],
 [0.4374433, 0.43430325],
 [0.44045117, 0.44508   ],
 [0.4529004,  0.444251  ],
 [0.44847217, 0.44292465],
 [0.44955838, 0.4417641 ],
 [0.44571495, 0.44408524],
 [0.44646695, 0.4370389 ],
 [0.44421098, 0.4398574 ],
 [0.44404393, 0.43305975],
 [0.43418476, 0.42924646],
 [0.4343519, 0.4240239 ],
 [0.42775127, 0.4230291 ],
 [0.4209,     0.41623145],
 [0.41973028, 0.4170604 ],
 [0.42374074, 0.42228305],
 [0.43677485, 0.43057287],
 [0.43844596, 0.4303241 ],
 [0.43786108, 0.43579543],
 [0.43301505, 0.4122523 ],
 [0.4112079,  0.39243966],
 [0.39458105, 0.41158918]]

output:
[107.51, 107.95]